11 11111111111111111111111111111111111111111. 11

11111111 111 1111111111 1111111 111111 et 1111111111 111111111111111111ω111ῴ1111111111111111
1111 1111111111 111111,111111111111111111111 111- 1111111111111 11111111 1111 111111 avigium 111 11-
, 111111111111111111111111ς 11111 111111 111111 111 1111111111 1111111 111111111111111111 1 1111111111 1111·
111111111111111111111111111111111,1111111111’1111111111 111,11111111111111111 mmmmm, 1111 11·
111 111111 Ι1111111111111 11111111, quoti 1111111111 1111111111, 11111 1111111111 1111 ,imm ’11111111
1111111111111111111111111111111111111111, 11111111· 1111111111;111111111111 m 1111111 111111 11 eia
ξ1111111111111111111111111111111111111111 111 ‹iuti-¹ 1111111111 111 11111111 1111111111, 1111111111 111.
1111111 11111111 11111111111111 1111 1111111, 1111· 111111 111111 11111 111111 111111 111111 11111111 1111
⁴ tiores ’111111 111111111111111111111111 111111111- 111111111111 11111111111111111111111111 1111111111
111111, 1111111 11111111, 1111111 iiim, 11111111 111 1111111 1111111111 1111111111, 1111 tm tinctitiis 11·-
inemo 11111 1111111 iiam 1111111111, quot 11111 111111,111111111111111111111111111111
11111111 11111111, 111111111111111111111111 111 111111, 1111111 1111111111 munima 11111 11111 111111-
1111111111111111111111111111111111111,11111111. 1111 111111 1111 1111111111, 1111 11 miv monitu
11111111 111 divitia 1111111111 111 prophetarint 1111· 1111111111, tt 11111 111 1111111 1111111111 111111111-
111111,1111111111ι111111111 ‹ttetriniiiqoe 11111111, 111 111111 minitantium& 1111111 mim 111
1111111111 11111114 111 11111ίῇ11111 contumelias, 1111111111 11111111111111111111 istu 11111111. Quid
111111.1111111111,1111111,111 1111111111111111111 111111111111111111,1111111 1111 1111111111·
1111111111,1111111111111111111111111111 11111 tine 1111,11111111111111 1111111111 ’1111 11111111ΰί1 11111111
1111111111 1111111111 1111111111111111111111111- 11111 111 terim 1111111111. 1110011101 1111111111·
1111111.1111111111111111111 auxilium 1111, 1111111111- tatewit, 1111111. sm 11 1111111111 1111111111111·
11111111 1111111111111111111,11111111111111 ejus 1111111111111,111111111111111111111111111111 1111111-
Ε11111111111111111111111,111 111111 111 1111111111- 111, 1111111111 1111111111, 11111111 1111 1111111111
nem 11111111 1111111111 111 apostolica 11111111 1111111· 11111111111111111 este 1111111111,11111111 ejus 111·
1111111 1111111111, 11111111 1111111111 1111111111- 11111 ’1111111111 111111 11111 stituit, 111111 111 1111111·
1111111 1111111 1111111111111111111, 11111111 11111- 1111111 111111 111111111111111 1111111111 1111111111 1111
111111111111111,1111111111111111111111111 11111- continuabit, 111 1111111111 ⁸, 111 111111111; 11111 11
11111 1111111111, 11111111 auctoritatis obtinuit ‘i (111 111111111111111 (1111111111 111111 111 111 1111111111
11111 1111111111,11111111111111111111111111111 111), 1111111111111111111111111 11111111 11111.
1111111 11111111111111111111. 11111111 111111 11111 ad iliud 1111 quomodo sit, ut 111 neus nium 1111111111
1111111111 1111111111 11111111 111111, 11111 1111 111 1111111111,11111111111111111111111111111111111
11111111 111111111111111111111111111 1111111111 1111 1111111111,1111111 11111111 1111 1111111111 1111111,
111 11111111111111111111111 111111 1111111111· 1111111111 1111111 1111 1111111 1111 1111ω1111 ra·
11111111111111111 1111111111111111111111111111111 ‹ii- 1111111111 1111111111, 1111111111 11111111 11111 111111 1
11111111, 1111111111 1111111111111,11 1111111 posuit. 1111111111 1111111111 istim 1111111111 1111 ingenio
1111111111 1111 1111111111 :equiria 111111 1111111111 111111111111111111 nitatis 1111111, sint qua 111
1111111111111111,1111111 1111111111 sacramentorum 11111111111111111111111111111111111111.,11 1111 non
1111111,111111111111111111111 11111 111111 1111111111, 11 11111111111,11,1111111111111111 1111111, 111
incognitis 11111 1111111111 111111111111111111111111, 11 1111111111 111 11111·
1111111111.-·-11.1111111 11 mmmm. 1111, 111111 11111111. tm 1111111 ime 11
Ρ1111111111111. (1111111111, 11 tuti 11 11111111, 111 aliter, 11111 1111111111111 1α111111111111111111111. Sed
111111111111111111111111,1111111111, 11111111, eit· quonism 1111 111111111111111111 1111111111 11111111
11111 11111111; 1111111 1111111111, et 111111 11111111- 1111111111,111111111111 11111 1111111111 :in 1111 1111-
111111 111111111111111111111111 111111111111111111, 1111111111 111111111111111111111111111 11111111 11111-
111111111 1111111111111111111111 1111111111111,111111 1111111111111111111111111111 111111111111111111111111 4
11111111 1111111111 11111 11111111, 1111111111 11111 111· 1111111111 111111111111111111111111111111 ‘votuisse
111111111111111111111111111, ome 1111111111. 111 1111111111 1111111 11111, 1111111111, iiiam 111111 ,
1111 1111111 11111111 ’11111111111111111111111111111 1111111111011111111111111111111111 1111111111
himinum 11 mentientium 11111 111. 111 1111111,111111111111111111111 1111111111
11111111111111111111111111111111111 11111111.1111111111111111111111111111111111- 1
11111111111111 titus verbosos ⁰¹ 1111111111 111111111111111111111111111111111111111 1111111 i
11111111111111111111111111111111111111111 1111111011), i
1111111111111111111111111111111111111111111111 niti , , , , , , ¹ 1
111111111111111111111111111111 11111111111111 &¹ fflfflmfflgfwm Μ’ ’1111110110 1

ι 1111111111 111111 itti„ 1111111111 1111111111 111111- ffffismffl
wogffliftre. (1111111111, 1111. 11, 11.

i
111» ’ 1

 

